25064	02	10	13	22	29	33	16	 2025-06-08
25063	02	19	21	22	28	30	01	 2025-06-05
25062	06	08	09	13	25	31	14	 2025-06-03
25061	06	07	09	10	11	32	09	 2025-06-01
25060	06	14	18	25	28	30	01	 2025-05-29
25059	04	10	11	12	13	24	01	 2025-05-27
25058	02	06	07	09	10	20	06	 2025-05-25
25057	04	09	15	16	25	30	14	 2025-05-22
25056	01	02	10	14	28	31	03	 2025-05-20
25055	02	05	22	27	29	33	12	 2025-05-18
25054	05	07	10	21	24	27	16	 2025-05-15
25053	06	09	10	13	30	33	07	 2025-05-13
25052	06	07	10	17	20	26	09	 2025-05-11
25051	01	02	03	04	17	22	01	 2025-05-08
25050	09	12	15	18	22	33	16	 2025-05-06
25049	03	06	19	27	29	33	11	 2025-05-04
25048	16	21	22	23	27	31	10	 2025-05-01
25047	01	14	21	22	23	31	12	 2025-04-29
25046	02	03	10	16	29	33	01	 2025-04-27
25045	02	14	19	24	29	33	13	 2025-04-24
25044	02	03	07	08	14	28	11	 2025-04-22
25043	03	12	16	19	20	32	13	 2025-04-20
25042	07	13	19	23	27	33	12	 2025-04-17
25041	06	10	17	19	25	31	06	 2025-04-15
25040	02	06	08	09	10	24	11	 2025-04-13
25039	08	10	12	15	17	23	11	 2025-04-10
25038	06	19	20	23	26	33	09	 2025-04-08
25037	03	06	11	20	21	31	02	 2025-04-06
25036	05	11	13	16	19	32	07	 2025-04-03
25035	01	08	16	18	25	31	01	 2025-04-01
25034	05	08	13	14	24	26	12	 2025-03-30
25033	03	05	18	25	26	33	08	 2025-03-27
25032	03	08	10	14	16	21	03	 2025-03-25
25031	01	05	06	08	23	28	01	 2025-03-23
25030	04	06	07	30	31	33	06	 2025-03-20
25029	05	15	16	25	30	33	16	 2025-03-18
25028	04	09	14	15	18	25	15	 2025-03-16
25027	05	07	08	15	16	23	06	 2025-03-13
25026	09	10	12	14	19	32	07	 2025-03-11
25025	12	15	21	23	25	30	02	 2025-03-09
25024	10	11	22	27	30	32	15	 2025-03-06
25023	09	12	13	24	25	33	07	 2025-03-04
25022	11	17	18	20	28	30	10	 2025-03-02
25021	07	08	16	18	25	32	14	 2025-02-27
25020	04	11	13	16	26	30	15	 2025-02-25
25019	05	13	17	18	22	23	11	 2025-02-23
25018	03	09	18	21	28	29	11	 2025-02-20
25017	04	12	15	18	28	29	05	 2025-02-18
25016	02	03	12	16	20	29	14	 2025-02-16
25015	04	11	15	24	25	33	15	 2025-02-13
25014	06	07	09	13	21	27	05	 2025-02-11
25013	04	14	16	23	24	30	14	 2025-02-09
25012	07	11	13	18	27	31	11	 2025-02-06
25011	06	13	17	22	24	29	11	 2025-01-26
25010	04	06	07	16	17	21	08	 2025-01-23
25009	02	04	11	12	23	25	06	 2025-01-21
25008	09	14	16	17	25	33	11	 2025-01-19
25007	07	08	14	18	21	27	11	 2025-01-16
25006	01	07	08	17	20	22	06	 2025-01-14
25005	10	16	19	27	28	30	09	 2025-01-12
25004	03	07	17	27	29	32	04	 2025-01-09
25003	10	19	20	26	28	29	15	 2025-01-07
25002	09	12	13	15	22	26	11	 2025-01-05
25001	02	03	17	18	22	33	16	 2025-01-02
24151	05	10	16	19	29	32	04	 2024-12-31
24150	13	14	20	22	26	32	02	 2024-12-29
24149	03	09	16	17	18	22	16	 2024-12-26
24148	02	06	15	16	21	23	11	 2024-12-24
24147	05	11	13	16	21	30	10	 2024-12-22
24146	02	04	11	22	27	32	10	 2024-12-19
24145	01	03	16	22	23	30	03	 2024-12-17
24144	02	09	11	17	20	30	11	 2024-12-15
24143	02	05	11	22	30	33	10	 2024-12-12
24142	04	06	13	21	22	25	06	 2024-12-10
24141	01	02	07	15	24	29	12	 2024-12-08
24140	04	07	08	17	22	26	15	 2024-12-05
24139	15	16	20	22	23	29	14	 2024-12-03
24138	02	07	11	21	27	28	02	 2024-12-01
24137	04	09	10	19	26	27	12	 2024-11-28
24136	03	11	15	21	25	26	03	 2024-11-26
24135	05	11	17	18	30	31	13	 2024-11-24
24134	02	04	13	16	18	20	16	 2024-11-21
24133	01	11	15	27	30	33	01	 2024-11-19
24132	01	04	25	27	28	33	03	 2024-11-17
24131	04	05	11	15	20	32	13	 2024-11-14
24130	01	08	12	17	19	24	16	 2024-11-12
24129	09	10	13	19	24	32	01	 2024-11-10
24128	01	08	13	18	20	26	16	 2024-11-07
24127	02	05	13	20	27	32	10	 2024-11-05
24126	14	18	23	24	26	33	10	 2024-11-03
24125	01	04	13	18	26	30	03	 2024-10-31
24124	02	14	15	17	25	30	11	 2024-10-29
24123	02	15	22	26	30	33	04	 2024-10-27
24122	05	07	09	16	17	29	15	 2024-10-24
24121	01	07	10	13	27	33	03	 2024-10-22
24120	01	05	07	11	18	19	07	 2024-10-20
24119	02	09	26	27	31	32	14	 2024-10-17
24118	02	03	04	06	11	15	14	 2024-10-15
24117	03	12	14	16	29	32	12	 2024-10-13
24116	01	15	20	22	31	32	03	 2024-10-10